# Number of parameters = 625 Objective function value = 178.930331747193  Maximum gradient component = 3.18597525973091e-05
# Mest[1]:
0.330000000000
# log_Linf[1]:
4.38701417618
# log_k[1]:
-1.83258146375
# log_Lo[1]:
2.75684036527
# log_sdage[1]:
-2.40794560865
# mean_log_rec[1]:
13.2427700310
# steepness[1]:
0.650000000000
# log_Rzero[1]:
13.4485918931
# rec_dev:
 -0.291090704364 -0.227134829020 -0.0290760473036 0.0131559838174 0.0777892879712 0.0234065392935 -0.0344322369115 -0.235376867811 -0.0500439328153 0.191207067462 0.593425104108 0.913767380576 0.957191097247 0.923991181170 0.859839083558 0.479336863803 0.393364042657 0.185811067233 -0.283908522266 -0.501513647187 -0.782955032438 -0.392401620320 -0.204235145402 -0.183787326995 -0.0127312096524 -0.0794311083937 -0.101416689340 -0.363497735788 -0.427301406845 -0.293599530781 -0.280694875234 -0.325886817298 -0.261106728847 -0.221299992609 0.0591896438193 -0.0436666862803 0.0603670914838 -0.0300563136867 -0.0393048553317 -0.00740338128286 0.0645794018572 -0.0276527906653
# log_sigmar[1]:
-0.510825623766
# fmort:
 0.104538127261 0.131133733968 0.137507693178 0.116965076969 0.106030001795 0.0949205098693 0.102642070724 0.104720384656 0.129525844938 0.151092793666 0.257393178178 0.525344510281 0.715708307362 0.648288364384 0.567650440399 0.377441012753 0.342498022648 0.294191127353 0.382895087936 0.392260957487 0.306359840863 0.370183524583 0.164574466842 0.111323224702 0.110040445936 0.0939058513871 0.0709655728889 0.0672042999242 0.0753415890294 0.0876719817072 0.0754000325782 0.0438296077544
 0.0759333110332 0.101881190775 0.137236142001 0.132247619700 0.112119498098 0.0890972685524 0.0772959031726 0.0749409708015 0.0859495279096 0.0965875421792 0.147826529076 0.283783313334 0.273713059806 0.182693543675 0.202671531656 0.259695056734 0.316175307000 0.393920798216 0.324196442965 0.546054211415 0.300359281102 0.404088310544 0.289432906480 0.221760524894 0.140654688081 0.141366538753 0.128139939829 0.0880646708754 0.0955699271466 0.109366836266 0.0817263597327 0.0443095658078
# log_selcoffs_fsh[1]:
 -3.26923018602 -1.73104848328 -0.527937769865 0.0989860395783 0.259469210323 0.332324176629 0.432932233136 0.417566938360 0.293052670158
 -3.29475970567 -1.72263708779 -0.271854915324 0.292789397188 0.270799253501 0.275593523902 0.319396583851 0.314288052039 0.268726861415
 -3.30056373835 -1.77970356596 -0.410773710299 0.214117609679 0.302356536363 0.340953495859 0.357665622877 0.319894362333 0.282350208625
 -3.27188414984 -1.91161753431 -0.782427679304 -0.0431954441987 0.349100775300 0.496889616533 0.443298079491 0.361245716394 0.296289606780
 -3.09605922779 -1.66346443727 -0.743415827342 -0.158299707138 0.285437296245 0.471268469167 0.454322644275 0.397245089534 0.365347979151
 -3.09507032342 -1.76735757281 -0.734962380468 -0.208274027420 0.207226446092 0.512705748959 0.494254946512 0.414280144234 0.364514455744
 -3.07745826537 -1.89856068621 -0.892664541223 -0.280424694753 0.109915467931 0.483978374375 0.610128376130 0.487626726821 0.358582453969
 -2.96934247468 -1.77398980036 -0.965338786086 -0.439608017399 0.0116637732948 0.442862122159 0.672578920849 0.551298373638 0.398901542918
 -2.85282357358 -1.60769709643 -0.768951301664 -0.391492558444 -0.00783942300146 0.321438708783 0.599127757667 0.588340525578 0.475982781291
 -2.80314616602 -1.68326383849 -0.769393929260 -0.239009215291 0.144444930328 0.375300297635 0.447681151343 0.507372971016 0.510716328660
 -2.73544998769 -1.63662121436 -0.779831466543 -0.237170235568 0.209935682799 0.458771359050 0.444029136078 0.400182826694 0.486342754742
 -2.51095953661 -1.30923908346 -0.352806650664 -0.106216713051 0.0837403621032 0.334543980999 0.346930294356 0.397604016984 0.506347129372
 -2.68586844152 -1.16133497869 -0.0843542721443 0.0253507034098 0.101235046781 0.206012874368 0.273223921575 0.354285727023 0.469583061847
 -2.71480218814 -1.00017951496 0.0699206327415 0.0790792439855 0.00393130089207 0.128451011748 0.249918355966 0.355850055583 0.444003921030
 -2.57716021606 -0.717911648391 -0.0421845506737 0.0453154415999 0.0125212254567 0.104314219385 0.251770778349 0.373201151815 0.451052190257
 -2.42321177258 -0.955760551328 -0.0855135857769 0.113488176592 0.0793502152357 0.147723041559 0.255249927205 0.357223869973 0.423114661631
 -2.50345417103 -0.963900888707 -0.132917619652 0.141863962579 0.148254513359 0.182062749604 0.250312584355 0.330128639251 0.387821866969
 -2.57726097582 -1.13762985959 -0.168594471535 0.214523656067 0.228611120752 0.217304397509 0.236982692098 0.295071265345 0.342951580413
 -2.50671813325 -1.21715967453 -0.262667240115 0.240811003951 0.272795067401 0.239873707384 0.246179371159 0.287109132526 0.325482145398
 -2.17602490576 -1.03661859343 -0.240293829923 0.133895207472 0.178330700982 0.213214573101 0.272620020215 0.336157209197 0.375937233405
 -2.32472878141 -0.969106705774 -0.105894302066 0.100425792356 0.153551350048 0.214103303937 0.264852097534 0.318901559071 0.360491723467
 -2.37964014200 -0.999468610702 -0.117430112920 0.127997715623 0.193895820438 0.213931378286 0.253627974625 0.308722297038 0.344088991235
 -2.35997692465 -1.04073340052 -0.0871901598466 0.151762845278 0.194075079147 0.203798381265 0.244788970579 0.301566549002 0.338206428954
 -2.26167305439 -1.02478214019 -0.173849570573 0.151007878677 0.208277470511 0.216124416679 0.252239651993 0.307301560050 0.346460212396
 -2.40951531784 -1.14957650124 -0.184155099985 0.199161891913 0.248320768604 0.241875204763 0.247250741680 0.285503744945 0.318268701491
 -2.25664812787 -1.10072817156 -0.255397797694 0.163094177778 0.260676599528 0.249576845601 0.249409171218 0.290051079225 0.343491760954
 -2.47485883245 -1.26267852573 -0.330728636693 0.230686875222 0.335678039007 0.302505955669 0.238484098546 0.238404727815 0.310703157670
# log_selcoffs_fsh[2]:
 -4.17671096614 -3.04782857331 -2.00420163240 -1.12398714819 -0.436324615686 0.0831813277814 0.489509157370 0.816007856288 1.04778351911
 -4.20538428250 -3.04629942636 -1.98675614924 -1.10685450099 -0.426306497253 0.0979196876860 0.507895170323 0.827143589852 1.01720557343
 -4.25143245485 -3.02601499860 -1.91297979754 -1.02921291281 -0.381738438073 0.102641003714 0.504146721074 0.816200802652 1.00213454087
 -4.32778620830 -3.01111645908 -1.80960664635 -0.891665029944 -0.295514365920 0.121451187740 0.478368372813 0.793139604816 0.980889669408
 -4.43718755023 -3.01336723781 -1.68209573663 -0.709089397327 -0.178696297131 0.142041527165 0.449540089024 0.750243858476 0.950451462352
 -4.57801126640 -3.07019661123 -1.51593263431 -0.464206431444 -0.0747845689727 0.148833133909 0.409869193663 0.714857540308 0.898589650690
 -4.66608746888 -3.14698041366 -1.65264163479 -0.660051655225 -0.230532994856 0.190621154481 0.567139292302 0.789064744514 0.820034381324
 -4.69613022162 -3.14982256340 -1.66271086501 -0.630406841267 -0.117774975699 0.283650386297 0.545596177524 0.703808970147 0.816280847352
 -4.72247866428 -3.13039537987 -1.72463172986 -0.794681123518 -0.216478281084 0.198758803042 0.614597452407 0.791584275272 0.804868575841
 -4.79410746555 -3.34775178773 -2.03697893124 -0.986134240228 -0.228814053088 0.318153493709 0.637732866103 0.801560156556 0.770966475565
 -4.88524849929 -3.50125177016 -2.21918837278 -1.15006898740 -0.270708438945 0.491398162564 0.684855346794 0.733507963299 0.729322077780
 -4.93151376313 -3.54765623232 -2.13382080935 -0.937603805932 -0.140701593302 0.445219795258 0.620605689864 0.709279909898 0.757004300093
 -4.92937024315 -3.50012326507 -2.04412506337 -0.892060312745 0.0234622925035 0.522481435284 0.586728947756 0.665994146641 0.677425906032
 -4.68010006325 -3.05884805211 -1.54202883290 -0.585852245969 -0.0362866481388 0.369078620158 0.538288663714 0.683819467404 0.726549619227
 -4.34919657051 -2.39683128753 -1.16065024765 -0.499831194260 -0.135636822579 0.274446013286 0.503018188706 0.681444895943 0.768608708017
 -4.02330487658 -2.28830867982 -0.921109716011 -0.315082233237 -0.0885674052138 0.233489351175 0.473550028500 0.635166892724 0.733136949496
 -3.80500938469 -2.01757102392 -0.787179459736 -0.163625422958 0.0158511331225 0.214185473029 0.407909529112 0.578903843486 0.692143409486
 -3.65439017904 -1.91182598638 -0.721675198431 -0.0529948966969 0.154956373226 0.256188409234 0.359206531967 0.501400295205 0.614732966260
 -3.59679655236 -1.89222178657 -0.609611660634 0.130260917818 0.296278962185 0.270877649346 0.284300625520 0.396001634175 0.511925400863
 -3.37568735554 -1.39083220448 -0.270397695970 0.158538166313 0.157898923901 0.170461538204 0.248720022925 0.388269232462 0.511838207599
 -3.36823203176 -1.38188245230 -0.0622774546002 0.255543910945 0.209465611497 0.163904779965 0.184721475432 0.299541917660 0.418982172553
 -3.25207867637 -1.23787122156 0.0657035040402 0.318126733862 0.225518017917 0.122092387856 0.130320948282 0.243757209102 0.358224194781
 -3.14965532592 -1.10039351661 0.184691744530 0.365070336272 0.218405160280 0.0848633038313 0.0798247089108 0.191959920608 0.302732007189
 -3.03224556958 -1.07461277167 0.207106511886 0.457429625142 0.245358027939 0.0609196927323 0.0336662943817 0.136538661589 0.245930454993
 -2.85798465095 -1.04381508738 0.207339333412 0.510149822665 0.272863121249 0.0541665193128 -0.00361737852229 0.0924117807850 0.208622549659
 -2.56950676666 -0.767081987176 0.269990835144 0.455646327407 0.223748469316 0.00718600407389 -0.0292475039690 0.0879953147245 0.223774105776
 -2.38587180179 -0.602244204675 0.297127709328 0.466760035410 0.157977587131 -0.0399379492205 -0.0576068946040 0.0812975731644 0.230238699188
# log_sel_spl_fsh[1]:
 0.00000000000 0.00000000000 0.00000000000 0.00000000000
 0.00000000000 0.00000000000 0.00000000000 0.00000000000
 0.00000000000 0.00000000000 0.00000000000 0.00000000000
 0.00000000000 0.00000000000 0.00000000000 0.00000000000
 0.00000000000 0.00000000000 0.00000000000 0.00000000000
 0.00000000000 0.00000000000 0.00000000000 0.00000000000
 0.00000000000 0.00000000000 0.00000000000 0.00000000000
 0.00000000000 0.00000000000 0.00000000000 0.00000000000
 0.00000000000 0.00000000000 0.00000000000 0.00000000000
 0.00000000000 0.00000000000 0.00000000000 0.00000000000
 0.00000000000 0.00000000000 0.00000000000 0.00000000000
 0.00000000000 0.00000000000 0.00000000000 0.00000000000
 0.00000000000 0.00000000000 0.00000000000 0.00000000000
 0.00000000000 0.00000000000 0.00000000000 0.00000000000
 0.00000000000 0.00000000000 0.00000000000 0.00000000000
 0.00000000000 0.00000000000 0.00000000000 0.00000000000
 0.00000000000 0.00000000000 0.00000000000 0.00000000000
 0.00000000000 0.00000000000 0.00000000000 0.00000000000
 0.00000000000 0.00000000000 0.00000000000 0.00000000000
 0.00000000000 0.00000000000 0.00000000000 0.00000000000
 0.00000000000 0.00000000000 0.00000000000 0.00000000000
 0.00000000000 0.00000000000 0.00000000000 0.00000000000
 0.00000000000 0.00000000000 0.00000000000 0.00000000000
 0.00000000000 0.00000000000 0.00000000000 0.00000000000
 0.00000000000 0.00000000000 0.00000000000 0.00000000000
 0.00000000000 0.00000000000 0.00000000000 0.00000000000
 0.00000000000 0.00000000000 0.00000000000 0.00000000000
# log_sel_spl_fsh[2]:
 0.00000000000 0.00000000000 0.00000000000 0.00000000000
 0.00000000000 0.00000000000 0.00000000000 0.00000000000
 0.00000000000 0.00000000000 0.00000000000 0.00000000000
 0.00000000000 0.00000000000 0.00000000000 0.00000000000
 0.00000000000 0.00000000000 0.00000000000 0.00000000000
 0.00000000000 0.00000000000 0.00000000000 0.00000000000
 0.00000000000 0.00000000000 0.00000000000 0.00000000000
 0.00000000000 0.00000000000 0.00000000000 0.00000000000
 0.00000000000 0.00000000000 0.00000000000 0.00000000000
 0.00000000000 0.00000000000 0.00000000000 0.00000000000
 0.00000000000 0.00000000000 0.00000000000 0.00000000000
 0.00000000000 0.00000000000 0.00000000000 0.00000000000
 0.00000000000 0.00000000000 0.00000000000 0.00000000000
 0.00000000000 0.00000000000 0.00000000000 0.00000000000
 0.00000000000 0.00000000000 0.00000000000 0.00000000000
 0.00000000000 0.00000000000 0.00000000000 0.00000000000
 0.00000000000 0.00000000000 0.00000000000 0.00000000000
 0.00000000000 0.00000000000 0.00000000000 0.00000000000
 0.00000000000 0.00000000000 0.00000000000 0.00000000000
 0.00000000000 0.00000000000 0.00000000000 0.00000000000
 0.00000000000 0.00000000000 0.00000000000 0.00000000000
 0.00000000000 0.00000000000 0.00000000000 0.00000000000
 0.00000000000 0.00000000000 0.00000000000 0.00000000000
 0.00000000000 0.00000000000 0.00000000000 0.00000000000
 0.00000000000 0.00000000000 0.00000000000 0.00000000000
 0.00000000000 0.00000000000 0.00000000000 0.00000000000
 0.00000000000 0.00000000000 0.00000000000 0.00000000000
# logsel_slope_fsh[1]:
 0.00000000000 0.00000000000 0.00000000000 0.00000000000 0.00000000000 0.00000000000 0.00000000000 0.00000000000 0.00000000000 0.00000000000 0.00000000000 0.00000000000 0.00000000000 0.00000000000 0.00000000000 0.00000000000 0.00000000000 0.00000000000 0.00000000000 0.00000000000 0.00000000000 0.00000000000 0.00000000000 0.00000000000 0.00000000000 0.00000000000 0.00000000000
# logsel_slope_fsh[2]:
 0.00000000000 0.00000000000 0.00000000000 0.00000000000 0.00000000000 0.00000000000 0.00000000000 0.00000000000 0.00000000000 0.00000000000 0.00000000000 0.00000000000 0.00000000000 0.00000000000 0.00000000000 0.00000000000 0.00000000000 0.00000000000 0.00000000000 0.00000000000 0.00000000000 0.00000000000 0.00000000000 0.00000000000 0.00000000000 0.00000000000 0.00000000000
# sel50_fsh[1]:
 0.00000000000 0.00000000000 0.00000000000 0.00000000000 0.00000000000 0.00000000000 0.00000000000 0.00000000000 0.00000000000 0.00000000000 0.00000000000 0.00000000000 0.00000000000 0.00000000000 0.00000000000 0.00000000000 0.00000000000 0.00000000000 0.00000000000 0.00000000000 0.00000000000 0.00000000000 0.00000000000 0.00000000000 0.00000000000 0.00000000000 0.00000000000
# sel50_fsh[2]:
 0.00000000000 0.00000000000 0.00000000000 0.00000000000 0.00000000000 0.00000000000 0.00000000000 0.00000000000 0.00000000000 0.00000000000 0.00000000000 0.00000000000 0.00000000000 0.00000000000 0.00000000000 0.00000000000 0.00000000000 0.00000000000 0.00000000000 0.00000000000 0.00000000000 0.00000000000 0.00000000000 0.00000000000 0.00000000000 0.00000000000 0.00000000000
# logsel_p1_fsh[1]:
 0.00000000000 0.00000000000 0.00000000000 0.00000000000 0.00000000000 0.00000000000 0.00000000000 0.00000000000 0.00000000000 0.00000000000 0.00000000000 0.00000000000 0.00000000000 0.00000000000 0.00000000000 0.00000000000 0.00000000000 0.00000000000 0.00000000000 0.00000000000 0.00000000000 0.00000000000 0.00000000000 0.00000000000 0.00000000000 0.00000000000 0.00000000000
# logsel_p1_fsh[2]:
 0.00000000000 0.00000000000 0.00000000000 0.00000000000 0.00000000000 0.00000000000 0.00000000000 0.00000000000 0.00000000000 0.00000000000 0.00000000000 0.00000000000 0.00000000000 0.00000000000 0.00000000000 0.00000000000 0.00000000000 0.00000000000 0.00000000000 0.00000000000 0.00000000000 0.00000000000 0.00000000000 0.00000000000 0.00000000000 0.00000000000 0.00000000000
# sel_p2_fsh[1]:
 0.00000000000 0.00000000000 0.00000000000 0.00000000000 0.00000000000 0.00000000000 0.00000000000 0.00000000000 0.00000000000 0.00000000000 0.00000000000 0.00000000000 0.00000000000 0.00000000000 0.00000000000 0.00000000000 0.00000000000 0.00000000000 0.00000000000 0.00000000000 0.00000000000 0.00000000000 0.00000000000 0.00000000000 0.00000000000 0.00000000000 0.00000000000
# sel_p2_fsh[2]:
 0.00000000000 0.00000000000 0.00000000000 0.00000000000 0.00000000000 0.00000000000 0.00000000000 0.00000000000 0.00000000000 0.00000000000 0.00000000000 0.00000000000 0.00000000000 0.00000000000 0.00000000000 0.00000000000 0.00000000000 0.00000000000 0.00000000000 0.00000000000 0.00000000000 0.00000000000 0.00000000000 0.00000000000 0.00000000000 0.00000000000 0.00000000000
# logsel_p3_fsh[1]:
 0.00000000000 0.00000000000 0.00000000000 0.00000000000 0.00000000000 0.00000000000 0.00000000000 0.00000000000 0.00000000000 0.00000000000 0.00000000000 0.00000000000 0.00000000000 0.00000000000 0.00000000000 0.00000000000 0.00000000000 0.00000000000 0.00000000000 0.00000000000 0.00000000000 0.00000000000 0.00000000000 0.00000000000 0.00000000000 0.00000000000 0.00000000000
# logsel_p3_fsh[2]:
 0.00000000000 0.00000000000 0.00000000000 0.00000000000 0.00000000000 0.00000000000 0.00000000000 0.00000000000 0.00000000000 0.00000000000 0.00000000000 0.00000000000 0.00000000000 0.00000000000 0.00000000000 0.00000000000 0.00000000000 0.00000000000 0.00000000000 0.00000000000 0.00000000000 0.00000000000 0.00000000000 0.00000000000 0.00000000000 0.00000000000 0.00000000000
# rec_dev_future:
 0.00000000000 0.00000000000 0.00000000000 0.00000000000 0.00000000000 0.00000000000 0.00000000000 0.00000000000 0.00000000000 0.00000000000 0.00000000000 0.00000000000 0.00000000000 0.00000000000 0.00000000000 0.00000000000 0.00000000000 0.00000000000 0.00000000000 0.00000000000
# log_q_ind[1]:
0.0955443974935
# log_q_power_ind[1]:
0.00000000000
# log_selcoffs_ind[1]:
 -0.974065536733 -0.396202517433 -0.440832148392 -0.637190177457 -0.614407529285 -0.381652871173 -0.0228953696229 0.360978584159 0.653867976545 0.796854913415
# logsel_slope_ind[1]:
 0.00000000000
# sel50_ind[1]:
 0.00000000000
# logsel_p1_ind[1]:
 0.00000000000
# sel_p2_ind[1]:
 0.00000000000
# logsel_p3_ind[1]:
 0.00000000000
